EEPROM Setup
FORMAT 1
FINISAR P/N:
DATE:

!Index: Table 0x0000: 0x00(0)
!Bytes:00 - 7F
0000: 0D 00 02 00 00 00 00 00 00 00 00 00 00 00 00 00 
0010: 00 00 00 00 00 00 2B 5C 00 00 7F B1 00 00 00 00 
0020: 00 00 1F D9 27 E1 21 86 20 FD 0C 52 0E DE 0C 31 
0030: 0C 71 1D BC 23 C0 1C C0 1E A9 00 00 00 00 00 00 
0040: 00 00 00 00 00 00 00 00 00 00 00 00 00 00 00 00 
0050: 00 00 00 00 00 00 00 00 00 00 00 00 00 00 00 00 
0060: 00 00 00 00 00 00 00 00 00 00 00 00 00 00 00 00 
0070: 00 00 00 00 00 00 00 00 00 00 00 00 00 00 00 00 



!Index: Table 0x0001: 0x00(0)
!Bytes:80 - FF
0080: 0D 00 0C 04 00 00 00 40 40 02 D5 05 67 00 00 32 
0090: 00 00 4B 00 46 49 4E 49 53 41 52 20 43 4F 52 50 
00A0: 20 20 20 20 07 00 90 65 46 54 4C 34 31 30 51 45 
00B0: 33 43 20 20 20 20 20 20 41 20 42 68 07 D0 00 62 
00C0: 00 03 0F DE 45 54 47 30 39 46 5A 20 20 20 20 20 
00D0: 20 20 20 20 31 35 30 35 31 33 20 20 0C 00 00 74 
00E0: 20 20 20 20 20 20 20 20 20 20 20 20 20 20 20 20 
00F0: 00 00 00 00 00 00 00 00 00 00 00 00 00 00 00 00 



!Index: Table 0x0002: 0x01(1)
!Bytes:80 - FF
0180: 00 00 00 00 00 00 00 00 00 00 00 00 00 00 00 00 
0190: 00 00 00 00 00 00 00 00 00 00 00 00 00 00 00 00 
01A0: 00 00 00 00 00 00 00 00 00 00 00 00 00 00 00 00 
01B0: 00 00 00 00 00 00 00 00 00 00 00 00 00 00 00 00 
01C0: 00 00 00 00 00 00 00 00 00 00 00 00 00 00 00 00 
01D0: 00 00 00 00 00 00 00 00 00 00 00 00 00 00 00 00 
01E0: 00 00 00 00 00 00 00 00 00 00 00 00 00 00 00 00 
01F0: 00 00 00 00 00 00 00 00 00 00 00 00 00 00 00 00 



!Index: Table 0x0003: 0x02(2)
!Bytes:80 - FF
0280: 00 00 00 00 00 00 00 00 00 00 00 00 00 00 00 00 
0290: 00 00 00 00 00 00 00 00 00 00 00 00 00 00 00 00 
02A0: 00 00 00 00 00 00 00 00 00 00 00 00 00 00 00 00 
02B0: 00 00 00 00 00 00 00 00 00 00 00 00 00 00 00 00 
02C0: 00 00 00 00 00 00 00 00 00 00 00 00 00 00 00 00 
02D0: 00 00 00 00 00 00 00 00 00 00 00 00 00 00 00 00 
02E0: 00 00 00 00 00 00 00 00 00 00 00 00 00 00 00 00 
02F0: 00 00 00 00 00 00 00 00 00 00 00 00 00 00 00 00 



!Index: Table 0x0004: 0x03(3)
!Bytes:80 - FF
0380: 4B 00 FB 00 46 00 00 00 00 00 00 00 00 00 00 00 
0390: 8D CC 74 04 87 5A 7A 76 00 00 00 00 00 00 00 00 
03A0: 00 00 00 00 00 00 00 00 00 00 00 00 00 00 00 00 
03B0: 55 75 01 BE 43 E2 04 62 1D 4C 03 E8 1B 58 05 DC 
03C0: 3D E8 02 B4 1F 07 06 C9 00 00 00 00 00 00 00 00 
03D0: 00 00 00 00 00 00 00 00 00 00 00 00 00 00 00 00 
03E0: 00 00 11 11 00 00 00 00 00 00 00 00 00 00 11 11 
03F0: 00 00 00 00 00 00 00 00 00 00 00 00 00 00 00 00 



