EEPROM Setup
FORMAT 1
FINISAR P/N:
DATE:

!Index: Table 0x0000: 0x00(0)
!Bytes:00 - 7F
0000: 11 07 02 FF 00 FF 00 00 00 55 55 55 55 55 55 00 
0010: 00 00 00 00 00 00 13 24 00 00 80 5D 00 00 00 00 
0020: 00 00 00 01 00 01 00 01 00 01 00 00 00 00 00 00 
0030: 00 00 00 01 00 01 00 01 00 01 00 00 00 00 00 00 
0040: 00 00 00 00 00 00 00 00 00 00 00 00 00 00 00 00 
0050: 00 00 00 00 00 00 00 01 CC 00 00 00 00 00 00 00 
0060: 00 00 FF 00 00 00 00 00 00 00 00 00 00 00 00 00 
0070: 00 00 00 00 00 00 00 00 00 00 00 00 00 00 00 00 



!Index: Table 0x0001: 0x00(0)
!Bytes:80 - FF
0080: 11 CC 0C 80 00 00 00 00 00 00 00 07 FF 00 00 23 
0090: 00 00 32 00 46 49 4E 49 53 41 52 20 43 4F 52 50 
00A0: 20 20 20 20 00 00 90 65 46 54 4C 43 39 35 35 31 
00B0: 52 45 50 4D 20 20 20 20 41 30 42 68 07 D0 00 3C 
00C0: 02 07 FF DE 58 55 42 30 41 41 51 20 20 20 20 20
00D0: 20 20 20 20 31 35 30 39 32 36 20 20 0C 10 67 F2 
00E0: 00 00 00 00 00 00 00 00 00 00 00 00 00 00 00 00 
00F0: 00 00 00 00 00 00 00 00 00 00 00 00 00 00 00 00 



!Index: Table 0x0002: 0x01(1)
!Bytes:80 - FF
0180: 00 00 00 00 00 00 00 00 00 00 00 00 00 00 00 00 
0190: 00 00 00 00 00 00 00 00 00 00 00 00 00 00 00 00 
01A0: 00 00 00 00 00 00 00 00 00 00 00 00 00 00 00 00 
01B0: 00 00 00 00 00 00 00 00 00 00 00 00 00 00 00 00 
01C0: 00 00 00 00 00 00 00 00 00 00 00 00 00 00 00 00 
01D0: 00 00 00 00 00 00 00 00 00 00 00 00 00 00 00 00 
01E0: 00 00 00 00 00 00 00 00 00 00 00 00 00 00 00 00 
01F0: 00 00 00 00 00 00 00 00 00 00 00 00 00 00 00 00 



!Index: Table 0x0003: 0x02(2)
!Bytes:80 - FF
0280: 00 00 00 00 00 00 00 00 00 00 00 00 00 00 00 00 
0290: 00 00 00 00 00 00 00 00 00 00 00 00 00 00 00 00 
02A0: 00 00 00 00 00 00 00 00 00 00 00 00 00 00 00 00 
02B0: 00 00 00 00 00 00 00 00 00 00 00 00 00 00 00 00 
02C0: 00 00 00 00 00 00 00 00 00 00 00 00 00 00 00 00 
02D0: 00 00 00 00 00 00 00 00 00 00 00 00 00 00 00 00 
02E0: 00 00 00 00 00 00 00 00 00 00 00 00 00 00 00 00 
02F0: 00 00 00 00 00 00 00 00 00 00 00 00 00 00 00 00 



!Index: Table 0x0004: 0x03(3)
!Bytes:80 - FF
0380: 4B 00 FB 00 46 00 00 00 00 00 00 00 00 00 00 00 
0390: 8D CC 74 04 87 5A 7A 76 00 00 00 00 00 00 00 00 
03A0: 00 00 00 00 00 00 00 00 00 00 00 00 00 00 00 00 
03B0: 55 75 01 BE 43 E2 04 62 1D 4C 03 E8 1B 58 05 DC 
03C0: 3D E8 02 B4 1F 07 06 C9 00 00 00 00 00 00 00 00 
03D0: 00 00 00 00 00 00 00 00 00 00 00 00 00 00 00 00 
03E0: 00 00 11 11 00 00 00 00 00 00 00 00 00 00 11 11 
03F0: 00 00 00 00 00 00 00 00 00 00 00 00 00 00 00 00 



